1 0.092683 0.094737 0 0.19565 0.2844 0.091837 0.17949 0.094737 0.27273 0.046154 0.13043 0 0.071429 0.031884 0.07177 0 0.028232 0.036269 0 0.07772 0 0 0.071329 0 0 0 0.19651 0.70492 0 0 0 0.23871 0.099174 0.028232 0.096774 0.34615 0 0.038674 0.037037 0.1599 0.07563 0.033708 0.032967 0 0.24295 0.31535 0.07732 0.030675 0 0 0.25234 0.13793 0 0 0.094737 0.030675 0.077551 0.079692 0.08427 0 0 0 0 0 0.031496 0 0 0 0 0 0 0 0.05 0 0.09919 0.13043 0.033708 0 0 0.03125 0.34454 0.31057 0.29843 0.071329 0 0.033708 0 0.037037 0.05 0.2 0 0.05 0 0.2 0.05 0.030303 0.04 0.029178 0.036717 0 0 0 0.076923 0 0 0 0.2093 0 0 0 0.028818 0 0.032967 0 0 0 0.30435 0.051793 0.13636 0.094118 0 0 0 0 0 0 0.25776 0.027523 0 0.028902 0.11066 0.21739 0 0.05 0.029762 0 0 0.094737 0 0 0.02924 0.042194 0.061224 0.034884 0 0.030812 0.091837 0 0.05 0.034884 0 0 0.030675 0.21649 0.22105 0 0 0.050505 0 0 0 0.034884 0.53846 0 0 0 0 0.02719 0.030675 0 0.03125 0.037037 0 0 0 0.071642 0.037037 0 0 0 0.25234 0.07563 0.052133 0 0 0.037037 0.076923 0 0.090909 0.055556 0 0.081633 0 0 0.25776 0.044444 0.09375 0 0 0.040698 0 0 0 0 0.028902 0.06383 0 0.068592 0 0 0 0 0 0 0 0 0 0 0 0.061856 0.031884 0 0.036269 0.2 0.089431 0.19565 0.082474 0 0 0 0 0 0.05 0.029762 0 0 0 0 0 0.028902 0.030675 0.082474 0 0 0.037037 0 0.036269 0.09375 0 0 0.042908 0 0 0.030675 0.050505 0 0 0 0 0 0.030675 0 0 0 0 0 0.25346 0.026866 0 0 0 0 0 0 0 0 0 0 0 0 0 0.023474 0 0.030675 0.11565 0 0 0 0 0 0.071429 0 0 0 0 0 0.042553 0 0 0 0.05 0 0 0 0.3913 0.19553 0 0.064815 0.036269
0.092683 1 0.18974 0 0.16402 0.21973 0.064677 0.05 0.066667 0.25547 0.1 0.67196 0 0.32558 0.098592 0.13084 0 0.076479 0.070707 0 0.35354 0 0 0.042177 0 0 0 0.26496 0.26773 0 0 0 0.37684 0.037534 0.076479 0.068063 0.25822 0.034286 0.13978 0.065868 0.24476 0.12807 0.25683 0.058824 0 0.23355 0.077236 0.050251 0.38095 0 0 0.25114 0.10615 0.063725 0 0.18974 0.38095 0.136 0.067669 0.054645 0 0 0 0 0 0.065637 0 0 0.19048 0 0 0 0 0.10303 0.025751 0.27579 0.29101 0.060109 0 0 0.055838 0.10288 0.08255 0.2449 0.042177 0 0.25683 0 0.28144 0.10303 0.060465 0.044199 0.46667 0 0.16757 0.10303 0.17241 0.082927 0.090439 0.044397 0 0 0 0.18012 0 0 0 0.17514 0 0 0 0.044818 0 0.058824 0 0 0.033981 0.10053 0.0625 0 0 0 0 0 0 0 0.053333 0.14452 0.28783 0 0.044944 0.12851 0.33019 0 0.10303 0.046243 0 0 0.066667 0 0 0.045455 0 0.14428 0.062147 0 0.051771 0.064677 0 0.10303 0.062147 0 0 0.38095 0.065327 0.066667 0 0 0.21182 0 0 0 0.062147 0.19255 0.077253 0 0 0 0.038123 0.047619 0 0.055838 0.28144 0 0 0 0 0.065868 0 0 0 0.25114 0.12807 0.34259 0.090909 0 0.56886 0.18012 0 0.11215 0.081081 0 0.12438 0 0 0.14452 0.091892 0.06599 0 0.2236 0.056497 0 0 0 0.051948 0.044944 0 0 0.10458 0.03352 0 0 0 0 0.089286 0 0 0 0.077253 0 0 0.098592 0 0.39394 0.16757 0.067729 0 0 0 0 0 0 0 0.10303 0.046243 0 0 0 0.14545 0 0.044944 0.047619 0 0 0.2236 0.065868 0 0.070707 0.06599 0 0 0.093132 0 0 0.047619 0 0 0 0 0 0 0.047619 0 0 0 0 0 0.44144 0.037681 0 0.39216 0 0 0 0 0 0 0 0 0 0 0 0.036697 0 0.047619 0.31707 0 0 0 0 0 0.063584 0 0 0 0 0 0.088083 0 0 0 0.10303 0 0 0 0.10053 0.054348 0 0 0.39394
0.094737 0.18974 1 0 0.17241 0.46154 0.064516 0.048649 0.066667 0.27869 0.037838 0.31034 0 0.045 0.021538 0.31658 0 0.017378 0.027322 0 0.04918 0 0 0.04 0 0 0 0.31507 0.061425 0 0 0 0.16854 0.034985 0.017378 0.068182 0.27273 0.1125 0.02924 0.026316 0.047619 0.31157 0.02381 0.023256 0 0.054422 0.077922 0.048913 0.019608 0 0 0.17647 0.10976 0.12169 0 0.2 0.019608 0.055319 0.051491 0.053571 0 0 0 0 0 0.02459 0 0 0.068966 0 0 0 0 0.04 0.082569 0.035865 0.72414 0.02381 0 0 0.021978 0.10526 0.083612 0.10497 0.04 0 0.02381 0 0.026316 0.04 0.06 0.14458 0.04 0 0.17647 0.04 0.40426 0.031579 0.019608 0.029345 0 0 0 0.068493 0 0 0 0.18519 0 0 0 0.018349 0 0.023256 0 0 0.10995 0.10345 0.045643 0 0 0 0 0 0 0 0.057143 0.06015 0.016287 0 0.018405 0.089744 0.045685 0 0.04 0.018987 0 0 0.066667 0 0 0.018634 0 0.053763 0.024691 0 0.020772 0.064516 0 0.04 0.024691 0 0 0.019608 0.065217 0.066667 0 0 0.042553 0 0 0 0.024691 0.20548 0.027523 0 0 0 0.016077 0.019608 0 0.021978 0.026316 0 0 0 0 0.026316 0 0 0 0.17647 0.31157 0.044776 0.032407 0 0.026316 0.068493 0 0.065327 0.047059 0 0.075269 0 0 0.06015 0.035294 0.065934 0 0.082192 0.030864 0 0 0 0.055556 0.018405 0 0 0.041719 0.10976 0 0 0 0 0.03268 0 0 0 0.027523 0 0 0.021538 0 0.027322 0.17647 0.067797 0 0 0 0 0 0 0 0.04 0.018987 0 0 0 0.053333 0 0.018405 0.019608 0 0 0.082192 0.026316 0 0.027322 0.065934 0 0 0.035044 0 0 0.019608 0 0 0 0 0 0 0.019608 0 0 0 0 0 0.17874 0.015873 0 0.14493 0 0 0 0 0 0 0 0 0 0 0 0.014778 0 0.019608 0.092637 0 0 0 0 0 0.063291 0 0 0 0 0 0.033708 0 0 0 0.04 0 0 0 0.10345 0.053254 0 0 0.027322
0 0 0 1 0 0 0 0 0 0 0 0 0 0 0 0 0 0 0 0.088608 0 0 0.060976 0 0 0 0 0 0 0 0 0 0 0 0 0 0 0 0 0 0 0 0 0 0 0 0 0 0 0 0.14793 0 0 0 0.18699 0 0 0 0 0 0 0.034483 0.31148 0 0 0 0 0 0 0.26154 0.2 0.051282 0 0 0 0 0 0 0.36402 0 0 0 0.12709 0 0 0 0 0 0 0 0 0 0 0 0 0 0 0 0 0.10835 0 0 0.13369 0 0 0.13369 0 0.1358 0 0 0 0.045872 0 0 0 0 0 0 0.14108 0 0 0 0 0.15723 0.19512 0.11771 0 0.10777 0 0 0 0 0 0 0 0 0 0 0.25556 0.038251 0.041916 0 0 0 0 0 0 0 0.13514 0 0 0 0 0 0 0 0 0 0 0 0 0 0 0 0 0 0.25843 0 0 0 0.088608 0 0 0 0 0.034188 0.13651 0 0 0 0 0 0 0 0 0 0 0 0.42029 0.040201 0 0 0 0 0 0.10777 0 0 0 0 0 0 0 0 0 0 0 0 0.10872 0 0 0 0 0 0 0 0 0 0 0 0 0 0 0 0 0.14407 0 0 0 0 0 0.14793 0 0 0 0 0 0 0 0 0 0 0 0 0 0 0.17925 0 0 0 0 0 0 0 0 0 0 0 0.15789 0 0 0 0 0 0 0 0 0 0 0 0 0 0 0 0 0 0 0 0 0 0 0 0 0 0 0 0 0 0.050314 0.36207 0 0 0 0.045752 0 0 0 0 0 0.44928 0.10891 0 0 0 0 0 0 0 0 0
0.19565 0.16402 0.17241 0 1 0.20792 0.16667 0.15084 0.17241 0.34483 0.072626 0.21429 0 0.13918 0.060703 0.1399 0 0.057471 0.062147 0 0.15254 0 0 0.15207 0 0 0 0.15493 0.15443 0 0.025641 0 0.1455 0.072508 0.057471 0.17647 0.1875 0 0.066667 0.068493 0.14212 0.15692 0.061728 0.060241 0 0.13986 0.16 0.15169 0.061224 0 0 0.15152 0.79747 0 0 0.17241 0.061224 0.13537 0.15406 0.16667 0 0 0 0 0 0.05042 0 0 0 0 0 0 0 0.083333 0 0.11472 0.21429 0.061728 0 0 0.056818 0.18919 0.16838 0.21143 0.15207 0 0.061728 0 0.068493 0.083333 0.15464 0 0.083333 0 0.29268 0.083333 0.054945 0.065217 0.055072 0.058005 0 0 0 0.11429 0 0 0 0.30769 0 0 0 0.057143 0 0.060241 0 0 0 0.21429 0.07234 0 0 0 0 0 0 0 0 0.15504 0.057627 0 0.057325 0.17105 0.14136 0 0.083333 0.059211 0 0 0.17241 0 0 0.058065 0 0.088889 0.064103 0 0.058462 0.16667 0 0.083333 0.064103 0.073171 0 0.061224 0.16854 0.17241 0 0.039216 0.076923 0 0 0 0.064103 0.34286 0 0 0 0 0.056856 0.061224 0 0.056818 0.068493 0 0 0 0 0.068493 0 0 0 0.15152 0.15692 0.076923 0 0 0.068493 0.11429 0 0.16062 0.085366 0.45455 0.11111 0 0 0.15504 0.073171 0.17045 0 0 0.070513 0.045977 0 0 0 0.057325 0 0 0.1369 0 0 0 0 0 0 0 0 0 0 0 0 0.060703 0 0.062147 0.29268 0.14783 0 0 0 0 0 0 0 0.083333 0.059211 0.14286 0 0 0 0 0.057325 0.061224 0 0 0 0.068493 0 0.062147 0.17045 0 0 0.067097 0 0 0.061224 0 0 0 0 0 0 0.061224 0 0 0.21429 0 0 0.15423 0.056106 0 0 0 0 0 0 0 0 0 0 0 0 0 0.045685 0 0.061224 0.62347 0 0 0 0 0 0.10526 0.23077 0 0 0.16667 0 0.069767 0 0 0 0.083333 0 0.10573 0.12245 0.21429 0.16564 0 0 0.062147
0.2844 0.21973 0.46154 0 0.20792 1 0.11215 0.19249 0.11538 0.25333 0.051643 0.32673 0 0.092105 0.03937 0.3304 0 0.036242 0.042654 0 0.099526 0 0 0.095299 0 0 0 0.7166 0.2095 0 0 0 0.1976 0.050125 0.036242 0.11765 0.29204 0.095745 0.045226 0.044444 0.17363 0.32824 0.040816 0.04 0 0.096579 0.11583 0.099057 0.038674 0 0 0.2069 0.15625 0.10599 0 0.23077 0.038674 0.095057 0.10118 0.10714 0 0 0 0 0 0.036765 0 0 0.059406 0 0 0 0 0.05618 0.17073 0.077358 0.68317 0.040816 0 0 0.038095 0.14063 0.1219 0.30144 0.095299 0 0.040816 0 0.044444 0.05618 0.21053 0.12371 0.05618 0 0.21212 0.05618 0.37037 0.045872 0.03632 0.042084 0 0 0 0.08046 0 0 0 0.22105 0 0 0 0.036554 0 0.04 0 0 0.09589 0.30693 0.055762 0 0 0 0 0 0 0 0.05042 0.10549 0.035813 0 0.036649 0.12595 0.093333 0 0.05618 0.037634 0 0 0.11538 0 0 0.037037 0 0.065421 0.042105 0 0.038168 0.11215 0 0.05618 0.042105 0 0 0.038674 0.22642 0.23077 0 0 0.055556 0 0 0 0.042105 0.51724 0.02439 0 0 0 0.035422 0.038674 0 0.038095 0.044444 0 0 0 0 0.044444 0 0 0 0.2069 0.32824 0.056769 0.028689 0 0.044444 0.08046 0 0.11013 0.060606 0 0.084112 0 0 0.10549 0.050505 0.11429 0 0.068966 0.047368 0 0 0 0.04918 0.036649 0 0 0.089701 0.09375 0 0 0 0 0.027624 0 0 0 0.02439 0 0 0.03937 0 0.042654 0.21212 0.10606 0 0 0 0 0 0 0 0.05618 0.037634 0 0 0 0.044944 0 0.036649 0.038674 0 0 0.068966 0.044444 0 0.042654 0.11429 0 0 0.048299 0 0 0.038674 0 0 0 0 0 0 0.038674 0 0 0 0 0 0.20851 0.03504 0 0.12048 0 0 0 0 0 0 0 0 0 0 0 0.030303 0 0.038674 0.13208 0 0 0 0 0 0.075269 0 0 0 0 0 0.048544 0 0 0 0.05618 0 0 0 0.14851 0.20812 0 0 0.042654
0.091837 0.064677 0.064516 0 0.16667 0.11215 1 0.04712 0.19355 0.26563 0.036649 0.1 0 0.34951 0.020772 0.043902 0 0.016743 0.026455 0 0.047619 0 0 0.038627 0 0 0 0.066667 0.059666 0 0 0 0.059081 0.076056 0.016743 0.065934 0.088235 0 0.028249 0.025316 0.046229 0.04298 0.022989 0.022472 0 0.15232 0.20675 0.15789 0.018868 0.10588 0 0.057143 0.10588 0 0 0.064516 0.018868 0.053942 0.049869 0.17241 0 0 0 0 0 0.024 0 0 0 0 0 0 0 0.038462 0 0.1358 0.1 0.022989 0 0 0.021277 0.20513 0.081433 0.1016 0.038627 0 0.022989 0 0.025316 0.038462 0.058252 0 0.038462 0.11538 0.17045 0.038462 0.020619 0.030612 0.01897 0.028571 0 0 0 0.065789 0 0 0 0.17857 0 0 0 0.017699 0 0.022472 0 0 0 0.1 0.044534 0 0 0 0.051282 0 0 0 0 0.058394 0.015674 0.14019 0.017751 0.35 0.044335 0 0.038462 0.018293 0 0 0.064516 0 0 0.017964 0 0.052083 0.02381 0.038462 0.020057 0.5 0 0.038462 0.02381 0 0 0.018868 0.063158 0.064516 0 0 0.041237 0 0 0 0.02381 0.19737 0 0 0 0 0.01548 0.018868 0 0.021277 0.025316 0 0 0 0 0.025316 0 0 0 0.057143 0.04298 0.062802 0 0 0.025316 0.065789 0 0.063415 0.068182 0 0.10417 0.16667 0 0.058394 0.034091 0.06383 0 0 0.047619 0 0 0 0 0.017751 0 0 0.040491 0 0 0 0.038462 0 0 0 0 0 0 0.038462 0.18947 0.020772 0.037975 0.026455 0.17045 0.066116 0 0 0 0 0 0 0 0.038462 0.018293 0 0 0.32927 0 0 0.017751 0.018868 0.052632 0 0 0.025316 0 0.026455 0.21277 0 0 0.11057 0 0 0.018868 0 0 0 0 0 0 0.018868 0 0 0 0 0 0.061033 0.015291 0 0 0 0 0 0 0 0 0.1677 0 0 0 0.20225 0.014354 0 0.018868 0.090069 0 0 0 0 0 0.060976 0 0 0 0 0 0.032609 0 0 0 0.038462 0 0 0 0.1 0.051429 0 0.070755 0.026455
0.17949 0.05 0.048649 0 0.15084 0.19249 0.04712 1 0.048649 0.25984 0.031579 0.083799 0 0.029268 0.014925 0.029412 0 0.01072 0.021277 0 0.031915 0 0 0.021583 0 0 0 0.10714 0.10312 0 0.02449 0 0.046154 0.028329 0.01072 0.049724 0.073892 0 0.022727 0.019108 0.7066 0.025937 0.017341 0.016949 0 0.039911 0.063559 0.031746 0.012658 0 0 0.043062 0.088757 0 0 0.048649 0.012658 0.041667 0.034301 0.034682 0 0 0 0 0 0.02008 0 0 0 0 0 0 0 0.032258 0 0.022727 0.083799 0.017341 0 0 0.016043 0.090129 0.068702 0.19355 0.021583 0 0.017341 0 0.019108 0.032258 0.27805 0 0.032258 0 0.15429 0.032258 0.015544 0.025641 0.013624 0.024283 0 0 0 0.059603 0 0 0 0.16168 0 0 0 0.011869 0 0.016949 0 0.051613 0 0.26257 0.04065 0 0 0 0 0 0 0 0 0.04401 0.0094637 0 0.011905 0.075314 0.029703 0 0.032258 0.01227 0 0 0.048649 0 0 0.012048 0 0.04712 0.017964 0 0.014409 0.04712 0 0.032258 0.017964 0 0 0.012658 0.74603 0.15676 0 0 0.036269 0 0 0 0.017964 0.41722 0 0 0 0 0.0093458 0.012658 0 0.016043 0.019108 0 0 0 0 0.019108 0 0 0 0.043062 0.025937 0.038835 0 0 0.019108 0.059603 0 0.04902 0.04 0 0.068063 0 0 0.04401 0.028571 0.048128 0 0 0.023952 0 0 0 0 0.011905 0 0 0.025894 0 0 0 0 0 0 0 0 0.19917 0 0 0 0.014925 0 0.021277 0.15429 0.053942 0 0 0.064171 0 0 0 0.040609 0.032258 0.01227 0 0 0 0 0 0.011905 0.012658 0 0 0 0.019108 0 0.021277 0.048128 0 0 0.029304 0 0 0.012658 0 0 0 0 0 0 0.012658 0 0.068571 0 0 0 0.04717 0.0092308 0 0 0 0 0 0 0 0 0 0 0 0 0 0.0096154 0 0.012658 0.076566 0 0 0 0 0 0.055215 0 0 0 0 0 0.027322 0.043243 0 0 0.032258 0 0 0 0.083799 0.54023 0 0 0.021277
0.094737 0.066667 0.066667 0 0.17241 0.11538 0.19355 0.048649 1 0.27869 0.037838 0.10345 0 0.135 0.021538 0.045226 0 0.017378 0.027322 0 0.04918 0 0 0.04 0 0 0 0.068493 0.061425 0 0 0 0.060674 0.034985 0.017378 0.068182 0.090909 0 0.02924 0.026316 0.047619 0.04451 0.02381 0.023256 0 0.10884 0.14719 0.11413 0.019608 0.024213 0 0.058824 0.10976 0 0 0.066667 0.019608 0.055319 0.051491 0.125 0 0 0 0 0 0.02459 0 0 0 0 0 0 0 0.04 0 0.094937 0.10345 0.02381 0 0 0.021978 0.42105 0.083612 0.10497 0.04 0 0.02381 0 0.026316 0.04 0.06 0 0.04 0 0.17647 0.04 0.021277 0.031579 0.019608 0.029345 0 0 0 0.068493 0 0 0 0.18519 0 0 0 0.018349 0 0.023256 0 0 0 0.10345 0.045643 0 0 0 0.37333 0 0 0 0 0.06015 0.016287 0.032362 0.018405 0.16667 0.045685 0 0.04 0.018987 0 0 0.066667 0 0 0.018634 0 0.053763 0.024691 0 0.020772 0.19355 0 0.04 0.024691 0 0 0.019608 0.065217 0.066667 0 0 0.042553 0 0 0 0.024691 0.20548 0 0 0 0 0.016077 0.019608 0 0.021978 0.026316 0 0 0 0 0.026316 0 0 0 0.058824 0.04451 0.044776 0 0 0.026316 0.068493 0 0.065327 0.047059 0 0.075269 0.2069 0 0.06015 0.035294 0.065934 0 0 0.030864 0 0 0 0 0.018405 0 0 0.041719 0 0 0 0 0 0 0 0 0 0 0 0.043478 0.021538 0.11842 0.027322 0.17647 0.067797 0 0 0 0 0 0 0 0.04 0.018987 0 0 0.075949 0 0 0.018405 0.019608 0 0 0 0.026316 0 0.027322 0.15385 0 0 0.0801 0 0 0.019608 0 0 0 0 0 0 0.019608 0 0 0 0 0 0.062802 0.015873 0 0 0 0 0 0 0 0 0.03871 0 0 0 0.046512 0.014778 0 0.019608 0.092637 0 0 0 0 0 0.063291 0 0 0 0 0 0.033708 0 0 0 0.04 0 0 0 0.10345 0.053254 0 0.029126 0.027322
0.27273 0.25547 0.27869 0 0.34483 0.25333 0.26563 0.25984 0.27869 1 0.29134 0.31034 0 0.23239 0.32057 0.23404 0 0.32668 0.28 0 0.264 0 0 0.2912 0 0 0 0.21739 0.23711 0 0 0 0.21581 0.31718 0.32668 0.28814 0.25714 0 0.30973 0.3617 0.24382 0.29412 0.30909 0.29825 0 0.20923 0.20809 0.2619 0.34737 0 0 0.23288 0.33962 0 0 0.27869 0.34737 0.19774 0.26482 0.3 0 0 0 0 0 0.19355 0 0 0 0 0 0 0 0.3913 0 0.18715 0.31034 0.30909 0 0 0.27419 0.22353 0.21805 0.30081 0.2912 0 0.30909 0 0.3617 0.3913 0.23944 0 0.3913 0 0.35714 0.3913 0.26154 0.27273 0.27801 0.22324 0 0 0 0.45455 0 0 0 0.38462 0 0 0 0.3128 0 0.29825 0 0 0 0.31034 0.22404 0 0 0 0 0 0 0 0 0.24028 0.34031 0 0.31429 0.25568 0.23741 0 0.3913 0.33 0 0 0.27869 0 0 0.32039 0 0.3125 0.32692 0 0.30317 0.26563 0 0.3913 0.32692 0 0 0.34737 0.26984 0.27869 0 0 0.29231 0 0 0 0.32692 0.45455 0 0 0 0 0.33333 0.34737 0 0.27419 0.3617 0 0 0 0 0.3617 0 0 0 0.23288 0.29412 0.27273 0 0 0.3617 0.45455 0 0.26241 0.33929 0 0.34375 0 0 0.24028 0.32143 0.27419 0 0 0.33654 0 0 0 0 0.31429 0 0 0.2415 0 0 0 0 0 0 0 0 0 0 0 0 0.32057 0 0.28 0.35714 0.21348 0 0 0 0 0 0 0 0.3913 0.33 0 0 0 0 0 0.31429 0.34737 0 0 0 0.3617 0 0.28 0.27419 0 0 0.26102 0 0 0.34737 0 0 0 0 0 0 0.34737 0 0 0 0 0 0.2349 0.32663 0 0 0 0 0 0 0 0 0 0 0 0 0 0.22759 0 0.34737 0.2459 0 0 0 0 0 0.4 0 0 0 0 0 0.3 0 0 0 0.3913 0 0 0 0.31034 0.2973 0 0 0.28
0.046154 0.1 0.037838 0 0.072626 0.051643 0.036649 0.031579 0.037838 0.29134 1 0.050279 0 0.087805 0.2597 0.029412 0 0.22818 0.12766 0 0.095745 0 0 0.030216 0 0 0 0.089286 0.088729 0 0 0 0.094505 0.050992 0.22818 0.038674 0.044335 0 0.31818 0.13376 0.10513 0.0317 0.12139 0.11864 0 0.093126 0.038136 0.031746 0.11392 0 0 0.10048 0.053254 0 0 0.037838 0.11392 0.23333 0.092348 0.034682 0 0 0 0 0 0.10843 0 0 0 0 0 0 0 0.17419 0 0.076446 0.050279 0.12139 0 0 0.1123 0.04721 0.040349 0.11828 0.030216 0 0.12139 0 0.13376 0.17419 0.034146 0 0.17419 0 0.074286 0.17419 0.10881 0.13846 0.23706 0.117 0 0 0 0.25828 0 0 0 0.077844 0 0 0 0.1543 0 0.11864 0 0 0 0.050279 0.13821 0 0 0 0 0 0 0 0 0.10269 0.1041 0 0.10714 0.15063 0.089109 0 0.17419 0.11043 0 0 0.037838 0 0 0.10843 0 0.20419 0.12575 0 0.11239 0.036649 0 0.30323 0.12575 0 0 0.11392 0.037037 0.037838 0 0 0.41969 0 0 0 0.12575 0.086093 0 0 0 0 0.40187 0.11392 0 0.1123 0.13376 0 0 0 0 0.13376 0 0 0 0.10048 0.0317 0.19417 0 0 0.13376 0.49669 0 0.23529 0.21143 0 0.28796 0 0 0.10269 0.15429 0.037433 0 0 0.16766 0 0 0 0 0.10714 0 0 0.21578 0 0 0 0 0 0 0 0 0 0 0 0 0.2597 0 0.12766 0.074286 0.045643 0 0 0 0 0 0 0 0.30323 0.11043 0 0 0 0 0 0.10714 0.11392 0 0 0 0.13376 0 0.12766 0.037433 0 0 0.14652 0 0 0.11392 0 0 0 0 0 0 0.11392 0 0 0 0 0 0.09434 0.10154 0 0 0 0 0 0 0 0 0 0 0 0 0 0.086538 0 0.11392 0.10905 0 0 0 0 0 0.079755 0 0 0 0 0 0.14754 0 0 0 0.30323 0 0 0 0.050279 0.034483 0 0 0.12766
0.13043 0.67196 0.31034 0 0.21429 0.32673 0.1 0.083799 0.10345 0.31034 0.050279 1 0 0.07732 0.035144 0.23316 0 0.031199 0.039548 0 0.084746 0 0 0.078341 0 0 0 0.23944 0.093671 0 0 0 0.25635 0.048338 0.031199 0.10588 0.375 0.064935 0.042424 0.041096 0.080103 0.24923 0.037037 0.036145 0 0.083916 0.10667 0.08427 0.034014 0 0 0.27273 0.1519 0.092896 0 0.31034 0.034014 0.082969 0.086835 0.092593 0 0 0 0 0 0.033613 0 0 0.28571 0 0 0 0 0.055556 0.04717 0.062771 0.42857 0.037037 0 0 0.034091 0.13514 0.1134 0.14286 0.078341 0 0.037037 0 0.041096 0.055556 0.092784 0.075 0.055556 0 0.21951 0.055556 0.23077 0.043478 0.031884 0.039443 0 0 0 0.085714 0 0 0 0.23077 0 0 0 0.031746 0 0.036145 0 0 0.059459 0.14286 0.055319 0 0 0 0 0 0 0 0.078431 0.093023 0.030508 0 0.031847 0.11842 0.078534 0 0.055556 0.032895 0 0 0.10345 0 0 0.032258 0 0.066667 0.038462 0 0.033846 0.1 0 0.055556 0.038462 0 0 0.034014 0.10112 0.10345 0 0 0.054945 0 0 0 0.038462 0.25714 0.14151 0 0 0 0.0301 0.034014 0 0.034091 0.041096 0 0 0 0 0.041096 0 0 0 0.27273 0.24923 0.05641 0.15714 0 0.041096 0.085714 0 0.098446 0.060976 0 0.088889 0 0 0.093023 0.04878 0.10227 0 0.34286 0.044872 0 0 0 0.07619 0.031847 0 0 0.074316 0.063291 0 0 0 0 0.18367 0 0 0 0.14151 0 0 0.035144 0 0.039548 0.21951 0.095652 0 0 0 0 0 0 0 0.055556 0.032895 0 0 0 0.25 0 0.031847 0.034014 0 0 0.34286 0.041096 0 0.039548 0.10227 0 0 0.046452 0 0 0.034014 0 0 0 0 0 0 0.034014 0 0 0 0 0 0.27363 0.029703 0 0.54545 0 0 0 0 0 0 0 0 0 0 0 0.025381 0 0.034014 0.12469 0 0 0 0 0 0.078947 0 0 0 0 0 0.046512 0 0 0 0.055556 0 0 0 0.14286 0.092025 0 0 0.039548
0 0 0 0 0 0 0 0 0 0 0 0 1 0 0 0 0.01992 0 0 0 0 0 0 0 0 0 0 0 0 0.028871 0 0 0 0 0 0 0 0 0 0 0 0 0 0 0 0 0 0 0 0 0 0 0 0 0 0 0 0 0 0 0 0 0 0 0 0 0 0 0 0 0 0 0 0 0 0 0 0 0 0 0 0 0 0 0 0 0 0 0 0 0 0 0 0 0 0 0 0 0 0 0 0 0 0 0 0 0 0 0 0 0 0 0 0 0 0 0 0 0 0 0 0 0 0 0 0 0 0 0 0 0 0 0 0.059233 0 0 0 0 0 0 0 0 0 0 0 0 0 0 0.043478 0 0 0 0 0 0 0 0 0 0 0 0 0 0 0 0.033943 0 0 0 0 0 0 0 0 0 0 0 0 0 0 0 0 0 0 0 0.01847 0 0 0 0 0 0 0 0 0 0 0 0 0 0 0 0 0 0.029885 0 0 0 0 0 0 0 0.04 0 0 0 0 0 0 0.033413 0.033943 0 0 0 0 0 0 0 0 0 0 0 0 0 0 0 0 0 0 0 0 0 0 0 0 0 0 0 0 0 0 0 0 0 0 0 0 0 0 0 0 0.01992 0.11661 0 0 0 0 0 0 0 0 0 0 0 0 0 0 0 0 0 0 0 0.02994 0 0.01983 0 0 0 0.022364 0.038961 0 0 0.01992 0 0 0 0 0 0 0 0 0 0 0 0 0 0 0 0 0 0 0
0.071429 0.32558 0.045 0 0.13918 0.092105 0.34951 0.029268 0.135 0.23239 0.087805 0.07732 0 1 0.084932 0.027397 0 0.063114 0.059113 0 0.32512 0 0 0.019868 0 0 0 0.16736 0.24385 0 0 0 0.25361 0.049608 0.063114 0.045918 0.068807 0 0.12565 0.052326 0.22096 0.023873 0.23936 0.046875 0 0.27651 0.15538 0.098039 0.35838 0.11258 0 0.12054 0.081522 0 0 0.045 0.35838 0.11765 0.046455 0.10638 0 0 0 0 0 0.056818 0 0 0 0 0 0 0 0.088235 0 0.32296 0.07732 0.047872 0 0 0.044554 0.15726 0.064483 0.21891 0.019868 0 0.23936 0 0.26163 0.088235 0.040909 0 0.44118 0.088235 0.14211 0.088235 0.043269 0.071429 0.078086 0.035197 0 0 0 0.16265 0 0 0 0.14835 0 0 0 0.032698 0 0.046875 0 0 0 0.07732 0.05364 0 0 0 0.035294 0 0 0 0 0.12301 0.26801 0.14613 0.032787 0.46457 0.30415 0 0.088235 0.033708 0 0 0.045 0 0 0.033149 0 0.13107 0.049451 0.029412 0.039788 0.69903 0 0.088235 0.049451 0 0 0.35838 0.044118 0.045 0 0 0.19712 0 0 0 0.049451 0.16265 0 0 0 0 0.025641 0.034682 0 0.044554 0.26163 0 0 0 0 0.052326 0 0 0 0.12054 0.023873 0.33937 0 0 0.5407 0.16265 0 0.091324 0.084211 0 0.13592 0.12887 0 0.12301 0.078947 0.044554 0 0 0.054945 0 0 0 0 0.032787 0 0 0.083812 0 0 0 0.029412 0 0 0 0 0 0 0.029412 0.25 0.084932 0.023256 0.37438 0.14211 0.050781 0 0 0 0 0 0 0 0.088235 0.033708 0 0 0.47753 0 0 0.032787 0.034682 0.044118 0 0 0.052326 0 0.059113 0.14851 0 0 0.12173 0 0 0.034682 0 0 0 0 0 0 0.034682 0 0 0 0 0 0.30837 0.025352 0 0 0 0 0 0 0 0 0.19429 0 0 0 0.26563 0.026906 0 0.034682 0.29284 0 0 0 0 0 0.050562 0 0 0 0 0 0.075758 0 0 0 0.088235 0 0 0 0.07732 0.031746 0 0.044248 0.37438
0.031884 0.098592 0.021538 0 0.060703 0.03937 0.020772 0.014925 0.021538 0.32057 0.2597 0.035144 0 0.084932 1 0.013774 0 0.77265 0.081571 0 0.093656 0 0 0.01157 0 0 0 0.086849 0.075269 0 0 0 0.10244 0.035714 0.2611 0.022082 0.030471 0 0.79153 0.078067 0.12637 0.013245 0.1495 0.067961 0 0.11084 0.025761 0.015015 0.11439 0 0 0.12064 0.037543 0 0 0.021538 0.11439 0.33793 0.041916 0.016611 0 0 0 0 0 0.072848 0 0 0 0 0 0 0 0.12453 0 0.072893 0.035144 0.069767 0 0 0.06383 0.035629 0.027811 0.11927 0.01157 0 0.1495 0 0.16729 0.12453 0.019178 0 0.27547 0 0.062295 0.12453 0.061584 0.095652 0.50311 0.068627 0 0 0 0.22179 0 0 0 0.065744 0 0 0 0.092466 0 0.067961 0 0 0 0.035144 0.096197 0 0 0 0 0 0 0 0 0.12363 0.088235 0 0.051546 0.11778 0.086351 0 0.12453 0.053381 0 0 0.021538 0 0 0.052265 0 0.16914 0.072664 0 0.059603 0.020772 0 0.26038 0.072664 0 0 0.11439 0.021021 0.021538 0 0 0.71848 0 0 0 0.072664 0.07393 0 0 0 0 0.15942 0.055351 0 0.06383 0.16729 0 0 0 0 0.078067 0 0 0 0.12064 0.013245 0.19346 0 0 0.16729 0.48638 0 0.19559 0.16066 0 0.25223 0 0 0.12363 0.1082 0.021277 0 0 0.10727 0 0 0 0 0.051546 0 0 0.45076 0 0 0 0 0 0 0 0 0 0 0 0 0.55862 0 0.17825 0.062295 0.034325 0 0 0 0 0 0 0 0.26038 0.053381 0 0 0 0 0 0.051546 0.055351 0 0 0 0.078067 0 0.081571 0.021277 0 0 0.107 0 0 0.055351 0 0 0 0 0 0 0.055351 0 0 0 0 0 0.092348 0.042857 0 0 0 0 0 0 0 0 0 0 0 0 0 0.040431 0 0.055351 0.11917 0 0 0 0 0 0.067616 0 0 0 0 0 0.1028 0 0 0 0.26038 0 0 0 0.035144 0.016502 0 0 0.17825
0.07177 0.13084 0.31658 0 0.1399 0.3304 0.043902 0.029412 0.045226 0.23404 0.029412 0.23316 0 0.027397 0.013774 1 0 0.0098731 0.019802 0 0.029703 0 0 0.019973 0 0 0 0.20168 0.042697 0 0 0 0.11801 0.026247 0.0098731 0.046154 0.20737 0.15642 0.021053 0.017544 0.029748 0.744 0.016043 0.015707 0 0.037578 0.06 0.029557 0.011628 0 0 0.12108 0.081967 0.25481 0 0.13568 0.011628 0.03937 0.031941 0.032086 0 0 0 0 0 0.019011 0 0 0.051813 0 0 0 0 0.029586 0.050633 0.021484 0.54404 0.016043 0 0 0.014925 0.08502 0.064748 0.08 0.019973 0 0.016043 0 0.017544 0.029586 0.041096 0.22703 0.029586 0 0.14286 0.029586 0.27536 0.023923 0.012658 0.022869 0 0 0 0.054545 0 0 0 0.14917 0 0 0 0.010959 0 0.015707 0 0 0.28095 0.07772 0.038462 0 0 0 0 0 0 0 0.043668 0.04119 0.0086957 0 0.010989 0.071146 0.027778 0 0.029586 0.011299 0 0 0.045226 0 0 0.011111 0 0.043902 0.016575 0 0.013333 0.043902 0 0.029586 0.016575 0 0 0.011628 0.044335 0.045226 0 0 0.033816 0 0 0 0.016575 0.16364 0.016878 0 0 0 0.008596 0.011628 0 0.014925 0.017544 0 0 0 0 0.017544 0 0 0 0.12108 0.744 0.036364 0.021277 0 0.017544 0.054545 0 0.045872 0.037037 0 0.063415 0 0 0.04119 0.026455 0.044776 0 0.060606 0.022099 0 0 0 0.042553 0.010989 0 0 0.024221 0.15301 0 0 0 0 0.017442 0 0 0 0.016878 0 0 0.013774 0 0.019802 0.14286 0.05098 0 0 0 0 0 0 0 0.029586 0.011299 0 0 0 0.035503 0 0.010989 0.011628 0 0 0.060606 0.017544 0 0.019802 0.044776 0 0 0.027429 0 0 0.011628 0 0 0 0 0 0 0.011628 0 0 0 0 0 0.12389 0.0084986 0 0.11465 0 0 0 0 0 0 0 0 0 0 0 0.009009 0 0.011628 0.071895 0 0 0 0 0 0.050847 0 0 0 0 0 0.025381 0 0 0 0.029586 0 0 0 0.07772 0.031915 0 0 0.019802
0 0 0 0 0 0 0 0 0 0 0 0 0.01992 0 0 0 1 0 0 0 0 0 0 0 0 0 0 0 0 0.11111 0 0 0 0 0 0 0 0 0 0 0 0 0 0 0 0 0 0 0 0 0 0 0 0 0 0 0 0 0 0 0 0 0 0 0 0 0 0 0 0 0 0 0 0 0 0 0 0 0 0 0 0 0 0 0 0 0 0 0 0 0 0 0 0 0 0 0 0 0 0 0 0 0 0 0 0 0 0 0 0 0 0 0 0 0 0 0 0 0 0 0 0 0 0 0 0 0 0 0 0 0 0 0 0.070423 0 0 0 0 0 0 0 0 0 0 0 0 0 0 0.15464 0 0 0 0 0 0 0 0 0 0 0 0 0 0 0 0.12632 0 0 0 0 0 0 0 0 0 0 0 0 0 0 0 0 0 0 0 0.079787 0 0 0 0 0 0 0 0 0 0 0 0 0 0 0 0 0 0.11111 0 0 0 0 0 0 0 0.18388 0 0 0 0 0 0 0.012019 0.21053 0 0 0 0 0 0 0 0 0 0 0 0 0 0 0 0 0 0 0 0 0 0 0 0 0 0 0 0 0 0 0 0 0 0 0 0 0 0 0 0 0.22581 0.12857 0 0 0 0 0 0 0 0 0 0 0 0 0 0 0 0 0 0 0 0.039275 0 0.085714 0 0 0 0.22581 0.24607 0 0 0.22581 0 0 0 0 0 0 0 0 0 0 0 0 0 0 0 0 0 0 0
0.028232 0.076479 0.017378 0 0.057471 0.036242 0.016743 0.01072 0.017378 0.32668 0.22818 0.031199 0 0.063114 0.77265 0.0098731 0 1 0.069767 0 0.069767 0 0 0.0068027 0 0 0 0.067174 0.053645 0 0 0 0.083437 0.03172 0.17949 0.017828 0.02695 0 0.67839 0.06334 0.10549 0.0085179 0.12479 0.054908 0 0.091824 0.0227 0.010786 0.085714 0 0 0.10014 0.033392 0 0 0.017378 0.085714 0.28722 0.029186 0.011966 0 0 0 0 0 0.064117 0 0 0 0 0 0 0 0.11111 0 0.054588 0.031199 0.05641 0 0 0.051482 0.032727 0.024691 0.095761 0.0068027 0 0.12479 0 0.14012 0.11111 0.015428 0 0.25146 0 0.059022 0.11111 0.049624 0.084695 0.38756 0.053817 0 0 0 0.21127 0 0 0 0.062389 0 0 0 0.07231 0 0.054908 0 0 0 0.031199 0.083238 0 0 0 0 0 0 0 0 0.10267 0.058824 0 0.037168 0.10954 0.064194 0 0.11111 0.038532 0 0 0.017378 0 0 0.037702 0 0.15982 0.058824 0 0.045997 0.016743 0 0.24366 0.058824 0 0 0.085714 0.016949 0.017378 0 0 0.66316 0 0 0 0.058824 0.070423 0 0 0 0 0.11776 0.04 0 0.051482 0.14012 0 0 0 0 0.06334 0 0 0 0.10014 0.0085179 0.16876 0 0 0.14012 0.47686 0 0.18195 0.14334 0 0.23896 0 0 0.10267 0.096121 0.017161 0 0 0.087344 0 0 0 0 0.037168 0 0 0.34659 0 0 0 0 0 0 0 0 0 0 0 0 0.43162 0 0.15659 0.059022 0.031505 0 0 0 0 0 0 0 0.24366 0.038532 0 0 0 0 0 0.037168 0.04 0 0 0 0.06334 0 0.069767 0.017161 0 0 0.09691 0 0 0.04 0 0 0 0 0 0 0.04 0 0 0 0 0 0.071525 0.027624 0 0 0 0 0 0 0 0 0 0 0 0 0 0.028966 0 0.04 0.099338 0 0 0 0 0 0.06422 0 0 0 0 0 0.0912 0 0 0 0.24366 0 0 0 0.031199 0.011885 0 0 0.15659
0.036269 0.070707 0.027322 0 0.062147 0.042654 0.026455 0.021277 0.027322 0.28 0.12766 0.039548 0 0.059113 0.081571 0.019802 0 0.069767 1 0 0.064516 0 0 0.018923 0 0 0 0.063063 0.060533 0 0 0 0.068736 0.040115 0.069767 0.027933 0.034826 0 0.10345 0.096774 0.076543 0.020408 0.087719 0.085714 0 0.067114 0.029915 0.02139 0.076923 0 0 0.072464 0.041916 0 0 0.027322 0.076923 0.07563 0.2 0.023392 0 0 0 0 0 0.08502 0 0 0 0 0 0 0 0.63399 0 0.052083 0.039548 0.53216 0 0 0.081081 0.038961 0.031903 0.086957 0.018923 0 0.087719 0 0.096774 0.13725 0.024631 0 0.13725 0 0.063584 0.13725 0.3089 0.10881 0.07438 0.064588 0 0 0 0.22148 0 0 0 0.066667 0 0 0 0.072072 0 0.085714 0 0 0 0.039548 0.081967 0 0 0 0 0 0 0 0 0.074074 0.067093 0 0.072289 0.12658 0.06 0 0.13725 0.074534 0 0 0.027322 0 0 0.31707 0 0.1746 0.090909 0 0.81341 0.026455 0 0.13725 0.090909 0 0 0.076923 0.026738 0.027322 0 0 0.14136 0 0 0 0.090909 0.073826 0 0 0 0 0.066246 0.076923 0 0.081081 0.096774 0 0 0 0 0.22581 0 0 0 0.072464 0.020408 0.10784 0 0 0.096774 0.22148 0 0.10891 0.10983 0 0.15344 0 0 0.074074 0.12139 0.027027 0 0 0.084848 0 0 0 0 0.072289 0 0 0.068493 0 0 0 0 0 0 0 0 0 0 0 0 0.081571 0 0.096774 0.063584 0.037657 0 0 0 0 0 0 0 0.13725 0.074534 0 0 0 0 0 0.072289 0.28205 0 0 0 0.096774 0 0.48387 0.027027 0 0 0.31566 0 0 0.076923 0 0 0 0 0 0 0.076923 0 0 0 0 0 0.066667 0.27726 0 0 0 0 0 0 0 0 0 0 0 0 0 0.058252 0 0.076923 0.081967 0 0 0 0 0 0.068323 0 0 0 0 0 0.11602 0 0 0 0.13725 0 0 0 0.039548 0.023256 0 0 0.096774
0 0 0 0.088608 0 0 0 0 0 0 0 0 0 0 0 0 0 0 0 1 0 0 0.084507 0 0 0 0.057143 0 0 0 0 0 0 0 0 0 0 0 0 0 0 0 0 0 0 0 0 0 0 0 0.061224 0 0 0 0.16308 0 0 0 0 0 0 0.14917 0.4 0 0 0 0 0 0.052632 0.086705 0.15026 0.074627 0 0 0 0 0 0 0.069124 0.11392 0 0 0.046972 0 0 0 0 0.052632 0 0 0 0 0 0 0 0 0 0 0 0.070175 0 0 0.054545 0 0 0.054545 0 0.17143 0 0 0 0.067138 0.034483 0 0 0 0 0 0.091324 0 0 0.096774 0 0.065693 0.070423 0.069428 0 0.047887 0 0 0 0 0 0 0 0 0 0 0.075949 0.055901 0.062069 0 0 0 0 0 0 0 0.1 0 0 0 0 0 0 0 0.2107 0 0 0 0 0 0 0 0 0 0.076923 0 0 0 0.11765 0 0 0 0 0.14151 0.062731 0 0 0 0 0 0 0 0 0 0 0 0.2069 0.056497 0 0 0 0 0 0.047887 0 0 0 0 0 0.037975 0 0 0 0 0 0 0.048364 0 0 0 0 0 0 0.052632 0 0 0 0 0 0 0 0 0 0.093458 0 0 0.05 0 0 0.061224 0 0 0 0 0 0 0 0 0 0 0 0 0 0 0.063158 0 0 0 0 0 0 0 0 0 0 0 0.11905 0 0.041096 0 0 0 0.052632 0 0 0 0 0 0 0 0 0.070922 0 0.08867 0.0625 0 0 0 0 0 0 0 0 0 0 0 0.072993 0.072368 0 0.058824 0 0.068702 0 0 0 0 0 0.2069 0.066667 0 0 0 0 0 0 0.096774 0 0
0.07772 0.35354 0.04918 0 0.15254 0.099526 0.047619 0.031915 0.04918 0.264 0.095745 0.084746 0 0.32512 0.093656 0.029703 0 0.069767 0.064516 0 1 0 0 0.2722 0 0 0 0.18018 0.26392 0 0 0 0.27273 0.028653 0.069767 0.51955 0.074627 0 0.13793 0.058065 0.23951 0.026239 0.26316 0.051429 0 0.22819 0.064103 0.032086 0.39744 0 0 0.13043 0.08982 0 0 0.04918 0.39744 0.12605 0.17867 0.035088 0 0 0 0 0 0.060729 0 0 0 0 0 0 0 0.098039 0 0.27292 0.084746 0.052632 0 0 0.048649 0.090909 0.069307 0.23913 0.2722 0 0.26316 0 0.29032 0.098039 0.16256 0 0.4902 0 0.15607 0.098039 0.04712 0.07772 0.085399 0.037862 0 0 0 0.18121 0 0 0 0.16364 0 0 0 0.036036 0 0.051429 0 0 0 0.084746 0.057377 0 0 0 0 0 0 0 0 0.13333 0.29712 0 0.036145 0.11814 0.33 0 0.098039 0.037267 0 0 0.04918 0 0 0.036585 0 0.14286 0.054545 0 0.043732 0.047619 0 0.098039 0.054545 0 0 0.39744 0.048128 0.04918 0 0 0.21466 0 0 0 0.054545 0.18121 0 0 0 0 0.028391 0.038462 0 0.048649 0.29032 0 0 0 0 0.058065 0 0 0 0.13043 0.026239 0.35294 0 0 0.6 0.18121 0 0.09901 0.075145 0 0.12169 0 0 0.13333 0.086705 0.048649 0 0 0.048485 0 0 0 0 0.036145 0 0 0.090909 0 0 0 0 0 0 0 0 0 0 0 0 0.093656 0 0.4086 0.15607 0.054393 0 0 0 0 0 0 0 0.098039 0.037267 0 0 0 0 0 0.036145 0.038462 0 0 0 0.058065 0 0.064516 0.048649 0 0 0.088779 0 0 0.038462 0 0 0 0 0 0 0.038462 0 0 0 0 0 0.33333 0.028037 0 0 0 0 0 0 0 0 0 0 0 0 0 0.029126 0 0.038462 0.31616 0 0 0 0 0 0.055901 0 0 0 0 0 0.082873 0 0 0 0.098039 0 0 0 0.084746 0.034884 0 0 0.4086
0 0 0 0 0 0 0 0 0 0 0 0 0 0 0 0 0 0 0 0 0 1 0 0 0 0 0.041667 0 0 0 0 0.040189 0 0 0 0 0 0 0 0 0 0 0 0.019802 0 0 0 0 0 0 0 0 0 0.082192 0.013986 0 0 0 0 0 0.15385 0.051502 0 0.098901 0 0.30657 0.085714 0.12796 0 0 0.016327 0 0.068182 0 0.048387 0 0 0 0.022305 0 0.056604 0 0 0 0 0 0 0.058824 0 0 0 0 0 0 0.15 0 0 0.027273 0 0.015905 0 0.20455 0.13825 0 0.23684 0.13825 0 0 0.12766 0.12245 0.065934 0 0.10619 0.019802 0.094737 0 0 0 0.02214 0 0 0 0 0.095238 0.12371 0.075802 0.041667 0 0 0 0.015544 0.022727 0 0 0 0.013298 0 0 0 0.028169 0.030457 0 0.14397 0.027778 0.015625 0 0 0 0 0 0.015625 0 0.26471 0 0 0 0.08933 0 0 0.14286 0 0 0.015625 0 0 0.20455 0 0 0 0 0.095745 0.056604 0 0 0.11905 0.068182 0 0 0.072581 0.047619 0.35714 0 0 0 0 0.1 0 0 0 0 0 0 0 0 0.088235 0 0.02 0.056604 0.016162 0 0 0 0.021898 0.1875 0.04065 0.015544 0.038462 0.068182 0 0 0 0 0 0.094737 0 0 0 0.06203 0 0 0 0 0 0 0 0 0 0 0 0 0.20455 0 0 0 0.013298 0 0.12766 0 0 0 0.015544 0 0 0 0 0 0 0 0 0 0 0 0 0 0 0.11009 0 0.028571 0 0 0 0 0 0.15 0 0.1 0 0 0 0.068182 0 0 0.11765 0.17647 0 0.058824 0 0 0.0625 0 0.035794 0 0.01073 0 0 0 0 0 0 0 0 0 0 0 0 0 0 0 0.057143 0 0.077586 0 0.11429 0.10266 0.14655 0 0 0 0.038136 0
0 0 0 0.060976 0 0 0 0 0 0 0 0 0 0 0 0 0 0 0 0.084507 0 0 1 0 0 0 0 0 0 0 0.080357 0 0 0 0 0 0 0 0 0 0 0 0 0.025641 0.32075 0 0 0 0 0.15748 0.03268 0 0 0 0.032641 0 0 0 0 0 0 0.026738 0.33962 0 0 0.026316 0 0 0 0.061453 0.035176 0.042857 0 0 0.029703 0 0 0 0.049327 0 0 0 0.026411 0 0 0 0 0 0 0 0 0 0 0 0 0 0 0.034483 0 0.048662 0 0 0.02924 0 0 0.02924 0 0.13699 0 0 0 0.037288 0 0.025641 0 0 0 0 0.071111 0 0 0 0 0.034965 0.040541 0.024852 0 0.024523 0 0 0.020408 0 0 0 0 0.017606 0 0 0.04878 0.02994 0.033113 0 0 0.035294 0.020548 0 0 0 0.07767 0 0.020548 0.19481 0 0 0 0 0 0.15464 0 0 0 0 0.020548 0 0 0 0.049383 0 0 0 0.084507 0 0 0 0 0.027523 0.031802 0 0 0 0 0 0 0 0 0 0 0 0.16393 0.032787 0 0 0 0 0 0.024523 0.025974 0 0 0 0 0 0.026316 0 0 0.020408 0 0 0.024759 0 0.028504 0 0 0 0 0 0 0 0 0 0 0 0 0 0 0.26364 0.18987 0.17857 0 0 0 0.03268 0.022727 0 0.017606 0.18987 0 0 0 0 0.020408 0 0 0 0 0 0.040816 0 0 0 0 0 0 0 0 0 0 0 0.091954 0 0 0 0 0 0 0 0 0 0 0 0 0 0 0.13793 0 0.086124 0 0 0 0 0 0 0.013369 0 0 0 0 0 0.77622 0.044304 0 0 0 0.036496 0 0 0.021277 0.037037 0 0.16393 0.043011 0 0 0 0 0 0 0 0 0
0.071329 0.042177 0.04 0 0.15207 0.095299 0.038627 0.021583 0.04 0.2912 0.030216 0.078341 0 0.019868 0.01157 0.019973 0 0.0068027 0.018923 0 0.2722 0 0 1 0.13694 0 0 0.046931 0.037711 0 0 0 0.039053 0.026521 0.0068027 0.66009 0.068273 0 0.020344 0.015986 0.022576 0.014308 0.014354 0.013997 0 0.032258 0.05802 0.021708 0.0088183 0.097311 0 0.035019 0.08347 0 0 0.04 0.0088183 0.034637 0.11111 0.023923 0 0 0 0 0 0.01826 0 0 0 0 0 0 0 0.030631 0 0.014396 0.078341 0.014354 0 0 0.013177 0.086505 0.06338 0.081001 0.59365 0 0.014354 0 0.015986 0.030631 0.1894 0 0.030631 0 0.15591 0.030631 0.01273 0.023776 0.010463 0.022592 0 0 0 0.061224 0 0 0 0.16418 0 0 0 0.0082102 0 0.013997 0 0 0 0.078341 0.040261 0 0 0 0 0 0 0 0.15597 0.035857 0.0052724 0 0.0082372 0.070707 0.020188 0.19528 0.030631 0.0085179 0 0 0.04 0 0 0.0083472 0 0.04721 0.014925 0 0.011129 0.038627 0 0.030631 0.014925 0 0 0.0088183 0.039074 0.04 0 0 0.035361 0 0 0.19528 0.014925 0.18367 0 0 0 0.13694 0.0051993 0.0088183 0 0.013177 0.015986 0.11127 0 0 0 0.015986 0 0 0 0.035019 0.014308 0.038208 0 0 0.015986 0.061224 0 0.041278 0.03937 0 0.0701 0 0 0.035857 0.026772 0.039531 0 0 0.021559 0 0 0 0 0.0082372 0 0 0.016086 0 0 0 0 0 0 0 0.082935 0 0 0 0 0.01157 0 0.018923 0.15591 0.047831 0 0 0.064422 0 0 0 0.082988 0.030631 0.0085179 0 0 0 0 0 0.0082372 0.0088183 0 0.13694 0 0.015986 0 0.018923 0.039531 0.23006 0 0.027851 0 0 0.0088183 0 0 0.077037 0 0 0 0.0088183 0.13694 0 0 0 0 0.039591 0.0051282 0 0 0.13694 0.19048 0 0 0 0 0 0 0 0 0 0.0065189 0 0.0088183 0.071518 0 0 0 0 0 0.056218 0 0 0 0 0.14008 0.025487 0 0 0 0.030631 0 0 0 0.078341 0.023772 0 0 0.018923
0 0 0 0 0 0 0 0 0 0 0 0 0 0 0 0 0 0 0 0 0 0 0 0.13694 1 0 0 0 0 0 0 0 0 0 0 0.24658 0 0 0 0 0 0 0 0 0 0 0 0 0 0.13598 0 0 0 0 0 0 0 0 0 0 0 0 0 0 0 0 0 0 0 0 0 0 0 0 0 0 0 0 0 0 0 0 0 0 0.13694 0 0 0 0 0 0.070588 0 0 0 0 0 0 0 0 0 0 0 0 0 0 0 0 0 0 0 0 0 0 0 0 0 0 0 0 0 0 0 0 0 0 0 0.2 0 0 0 0 0 0 0.25714 0 0 0 0 0 0 0 0 0 0 0 0 0 0 0 0 0 0 0 0 0 0 0 0 0 0 0 0.25714 0 0 0 0 0 0.2 0 0 0 0 0 0.15789 0 0 0 0 0 0 0 0 0 0 0 0 0 0 0 0 0 0 0 0 0 0 0 0 0 0 0 0 0 0 0 0 0 0 0 0 0 0 0 0 0 0 0.13043 0 0 0 0 0 0 0 0 0 0 0 0.078947 0 0 0 0.098765 0 0 0 0 0 0 0 0 0 0 0.2 0 0 0 0 0 0.31034 0 0 0 0 0 0 0 0.12 0 0 0 0 0.2 0 0 0 0 0 0 0 0 0.2 0.25 0 0 0 0 0 0 0 0 0 0 0 0 0 0 0 0 0 0 0 0 0 0 0 0.36782 0 0 0 0 0 0 0 0 0 0 0 0 0
0 0 0 0 0 0 0 0 0 0 0 0 0 0 0 0 0 0 0 0 0 0 0 0 0 1 0 0 0 0 0.33333 0 0 0 0 0 0 0 0 0 0 0 0 0 0 0 0 0 0 0 0 0 0 0 0 0 0 0 0 0 0.064 0 0 0 0.11111 0 0 0 0 0 0 0.10667 0 0 0 0 0 0 0 0 0 0 0 0 0 0.092105 0 0 0 0 0 0 0 0 0 0 0 0 0 0 0 0 0 0 0 0 0 0 0 0 0 0 0 0 0 0 0 0 0 0 0 0 0 0 0 0 0 0 0 0 0 0 0 0 0 0 0.21212 0.10256 0 0.079096 0.086957 0 0.063348 0 0 0 0 0 0.092593 0 0 0 0 0 0 0 0 0.5098 0 0 0 0 0 0 0 0 0 0 0 0 0 0 0 0 0 0 0 0 0.075472 0 0 0 0 0 0 0 0 0 0 0 0 0 0 0 0 0 0 0 0 0 0 0 0 0 0 0 0 0 0 0 0 0.30411 0 0 0 0.11905 0 0 0 0 0 0 0 0 0.12195 0 0 0 0 0 0 0 0 0 0 0 0 0 0 0 0 0 0 0 0 0 0 0 0 0 0 0 0.10345 0 0 0 0 0 0 0 0 0 0 0 0 0 0 0 0 0 0 0 0 0 0 0 0 0 0 0 0 0 0 0 0 0 0 0 0 0 0 0 0 0 0 0 0 0 0 0 0 0 0 0 0 0 0 0 0 0
0 0 0 0 0 0 0 0 0 0 0 0 0 0 0 0 0 0 0 0.057143 0 0.041667 0 0 0 0 1 0 0 0 0 0.15596 0 0 0 0 0 0 0 0 0 0 0 0 0 0 0 0 0 0 0 0 0 0 0 0 0 0 0 0 0.02521 0 0 0.044776 0 0.035398 0.11111 0.055215 0.15385 0 0 0 0.28125 0 0 0 0 0 0 0.037037 0 0 0 0 0 0 0 0.28205 0 0 0 0 0 0 0 0 0 0 0 0 0 0.09375 0.059172 0 0.34615 0.059172 0 0 0.17143 0.054054 0 0 0.23596 0 0.042254 0 0 0 0 0 0 0.28125 0 0.042553 0.054795 0.10275 0 0 0 0 0 0 0 0 0 0 0 0 0 0 0 0 0.086124 0 0 0 0 0 0 0 0 0 0.23077 0 0 0 0.14658 0 0 0.12766 0 0 0 0 0 0.09375 0 0 0 0 0 0 0 0 0.5 0 0 0 0 0.18519 0.16667 0 0 0 0 0 0 0 0 0 0 0 0 0 0 0 0 0 0 0 0 0.11111 0 0.25 0 0 0.15 0.28125 0 0 0 0 0 0.042254 0 0.15385 0 0.025229 0 0 0 0 0 0 0 0 0 0 0.04878 0 0.09375 0 0 0 0 0 0.17143 0 0 0 0 0 0 0 0 0 0 0 0 0 0 0 0 0 0 0.047059 0 0 0 0 0.12 0 0 0 0.15385 0 0 0 0 0.28125 0 0 0.051282 0.069606 0 0.086957 0.18182 0 0.13636 0 0.13675 0 0 0 0 0 0 0 0 0 0 0.17143 0 0 0 0 0 0 0 0 0 0 0 0 0.043478 0 0 0.28125 0 0
0.19651 0.26496 0.31507 0 0.15493 0.7166 0.066667 0.10714 0.068493 0.21739 0.089286 0.23944 0 0.16736 0.086849 0.20168 0 0.067174 0.063063 0 0.18018 0 0 0.046931 0 0 0 1 0.21649 0 0 0 0.23518 0.033254 0.067174 0.069767 0.21519 0.060302 0.12381 0.057592 0.27044 0.18072 0.57488 0.052133 0 0.21965 0.077778 0.053812 0.16667 0 0 0.20988 0.10345 0.074561 0 0.15068 0.16667 0.13139 0.069351 0.057971 0 0 0 0 0 0.060071 0 0 0.046948 0 0 0 0 0.089947 0.10895 0.14312 0.52113 0.05314 0 0 0.049774 0.10112 0.082621 0.48182 0.046931 0 0.22705 0 0.24607 0.089947 0.12971 0.087805 0.40741 0 0.15789 0.089947 0.28634 0.074236 0.08046 0.040307 0 0 0 0.15676 0 0 0 0.16418 0 0 0 0.039506 0 0.052133 0 0 0.065217 0.21127 0.057143 0 0 0 0 0 0 0 0.040161 0.13836 0.12727 0 0.039604 0.12454 0.16949 0 0.089947 0.040609 0 0 0.068493 0 0 0.04 0 0.12889 0.054726 0 0.045783 0.066667 0 0.089947 0.054726 0 0 0.16667 0.13901 0.14155 0 0 0.18943 0 0 0 0.054726 0.39459 0.015564 0 0 0 0.033419 0.041667 0 0.049774 0.24607 0 0 0 0 0.057592 0 0 0 0.20988 0.18072 0.175 0.019608 0 0.24607 0.15676 0 0.10924 0.07177 0 0.11111 0 0 0.13836 0.08134 0.067873 0 0.054054 0.049751 0 0 0 0.039216 0.039604 0 0 0.10243 0.059113 0 0 0 0 0.015625 0 0 0 0.015564 0 0 0.086849 0 0.20721 0.15789 0.069091 0 0 0 0 0 0 0 0.089947 0.040609 0 0 0 0.031746 0 0.039604 0.041667 0 0 0.054054 0.057592 0 0.063063 0.067873 0 0 0.08377 0 0 0.041667 0 0 0 0 0 0 0.041667 0 0 0 0 0 0.25203 0.033079 0 0.10169 0 0 0 0 0 0 0 0 0 0 0 0.033058 0 0.041667 0.1984 0 0 0 0 0 0.055838 0 0 0 0 0 0.078341 0 0 0 0.089947 0 0 0 0.098592 0.11538 0 0 0.20721
0.70492 0.26773 0.061425 0 0.15443 0.2095 0.059666 0.10312 0.061425 0.23711 0.088729 0.093671 0 0.24385 0.075269 0.042697 0 0.053645 0.060533 0 0.26392 0 0 0.037711 0 0 0 0.21649 1 0 0 0 0.30081 0.064103 0.053645 0.062657 0.24605 0 0.11568 0.054131 0.24664 0.041667 0.20627 0.048593 0 0.30123 0.22986 0.045783 0.27479 0 0 0.22637 0.098667 0 0 0.061425 0.27479 0.11799 0.057692 0.049608 0 0 0 0 0 0.057944 0 0 0 0 0 0 0 0.089337 0 0.23033 0.093671 0.049608 0 0 0.046229 0.25646 0.22301 0.3154 0.037711 0 0.20627 0 0.22507 0.089337 0.12752 0 0.40058 0 0.15762 0.089337 0.044917 0.0726 0.069307 0.036735 0 0 0 0.16224 0 0 0 0.16442 0 0 0 0.034759 0 0.048593 0 0 0 0.21519 0.05482 0.10554 0.065395 0 0 0 0 0 0 0.23094 0.18644 0 0.034853 0.11845 0.3288 0 0.089337 0.035813 0 0 0.061425 0 0 0.03523 0.023952 0.13126 0.051213 0 0.041667 0.059666 0 0.089337 0.051213 0 0 0.27479 0.13735 0.14005 0 0 0.18676 0 0 0 0.051213 0.41593 0 0 0 0 0.027933 0.036827 0 0.046229 0.22507 0 0 0 0.044199 0.054131 0 0 0 0.22637 0.041667 0.26058 0 0 0.45299 0.16224 0 0.10112 0.069767 0 0.11217 0 0 0.23094 0.080103 0.060827 0 0 0.045822 0 0 0 0 0.034853 0.039702 0 0.084746 0 0 0 0 0 0 0 0 0 0 0 0.038554 0.075269 0 0.30266 0.15762 0.063584 0.12152 0.057831 0 0 0 0 0 0.089337 0.035813 0 0 0 0 0 0.034853 0.036827 0.057831 0 0 0.054131 0 0.060533 0.060827 0 0 0.082867 0 0 0.036827 0.028369 0 0 0 0 0 0.036827 0 0 0 0 0 0.35792 0.027624 0 0 0 0 0 0 0 0 0 0 0 0 0 0.028698 0 0.036827 0.23932 0 0 0 0 0 0.057851 0 0 0 0 0 0.076923 0 0 0 0.089337 0 0 0 0.27595 0.11169 0 0.043573 0.30266
0 0 0 0 0 0 0 0 0 0 0 0 0.028871 0 0 0 0.11111 0 0 0 0 0 0 0 0 0 0 0 0 1 0.028881 0 0 0 0 0 0 0 0 0 0 0 0 0 0 0 0 0 0 0 0 0 0 0 0 0 0 0.058824 0 0 0 0 0 0 0 0 0 0 0 0 0 0 0 0 0 0 0 0 0 0 0 0 0 0 0 0 0 0 0 0 0 0 0 0 0 0 0 0 0 0 0.042781 0 0 0 0 0 0.065574 0 0 0 0 0 0 0 0 0 0 0 0 0 0 0 0 0 0 0 0 0 0 0 0 0 0 0.062802 0 0 0 0 0 0 0 0 0 0 0 0 0 0 0.15058 0 0 0 0 0 0 0 0 0 0 0 0.065574 0 0 0 0.17647 0 0 0 0 0 0 0 0 0 0 0 0 0 0 0 0 0 0 0 0.12648 0 0 0 0 0 0 0 0 0 0 0 0 0 0 0 0 0 0.24555 0 0 0 0 0 0 0 0.13472 0 0 0 0 0 0 0.020147 0.12941 0 0 0 0 0 0 0 0 0 0 0.065574 0 0 0 0 0 0 0 0 0 0.042781 0 0 0 0 0 0 0 0 0 0 0 0 0 0.060302 0 0.053333 0.065574 0 0 0.11111 0.10244 0 0 0 0 0 0 0 0 0 0 0 0 0 0 0 0 0 0 0 0.041215 0 0.2 0.065574 0 0 0.10909 0.14063 0 0 0.11111 0 0 0 0 0 0 0 0 0 0 0 0 0 0 0 0 0 0 0
